m1=500;
m2=50;
k1=20;
k2=30;
b=10;