m1=2500;
m2=250;
k1=50000;
k2=500000;
b=500;